28.6000000, 2.4500000, 39.0758838, 117.0461772, -5.8800000
28.8000000, 2.6700000, 39.0758853, 117.0461738, -5.8800000
29.0000000, 1.9400000, 39.0758869, 117.0461704, -5.8800000
28.8000000, 1.6300000, 39.0758884, 117.0461669, -5.8800000
29.2000000, 1.8400000, 39.0758900, 117.0461634, -5.8800000
29.6000000, 1.8600000, 39.0758915, 117.0461599, -5.8700000
29.6000000, 1.8300000, 39.0758934, 117.0461557, -5.8700000
30.2000000, 1.8700000, 39.0758950, 117.0461521, -5.8700000
30.4000000, 1.8600000, 39.0758966, 117.0461484, -5.8700000
30.6000000, 1.9000000, 39.0758983, 117.0461447, -5.8700000
30.8000000, 1.9300000, 39.0758999, 117.0461410, -5.8700000
31.2000000, 2.0300000, 39.0759016, 117.0461372, -5.8700000
31.6000000, 2.1000000, 39.0759036, 117.0461327, -5.8700000
32.0000000, 2.2500000, 39.0759053, 117.0461289, -5.8700000
32.4000000, 2.2500000, 39.0759070, 117.0461250, -5.8700000
33.0000000, 2.1800000, 39.0759088, 117.0461211, -5.8700000
33.6000000, 2.2200000, 39.0759108, 117.0461165, -5.8700000
34.0000000, 2.2800000, 39.0759126, 117.0461125, -5.8700000
34.4000000, 2.2600000, 39.0759144, 117.0461085, -5.8800000
34.8000000, 2.2000000, 39.0759162, 117.0461045, -5.8800000
35.2000000, 2.1800000, 39.0759180, 117.0461004, -5.8900000
35.4000000, 2.1400000, 39.0759198, 117.0460963, -5.8900000
35.8000000, 2.1600000, 39.0759219, 117.0460915, -5.9000000
36.2000000, 2.2200000, 39.0759238, 117.0460873, -5.9000000
36.6000000, 2.1600000, 39.0759256, 117.0460831, -5.9000000
37.0000000, 2.1000000, 39.0759278, 117.0460782, -5.9000000
37.4000000, 2.1400000, 39.0759297, 117.0460739, -5.9100000
37.6000000, 2.1700000, 39.0759316, 117.0460696, -5.9100000
38.2000000, 2.1100000, 39.0759335, 117.0460653, -5.9000000
38.6000000, 2.2200000, 39.0759357, 117.0460602, -5.9000000
39.0000000, 2.2000000, 39.0759377, 117.0460559, -5.8900000
39.4000000, 2.1300000, 39.0759396, 117.0460515, -5.8900000
39.8000000, 2.1000000, 39.0759416, 117.0460471, -5.8900000
40.2000000, 2.1300000, 39.0759436, 117.0460426, -5.8800000
40.8000000, 2.0900000, 39.0759456, 117.0460381, -5.8800000
41.2000000, 2.1200000, 39.0759479, 117.0460328, -5.8800000
41.6000000, 2.1500000, 39.0759500, 117.0460282, -5.8800000
42.0000000, 2.1700000, 39.0759520, 117.0460236, -5.8800000
42.4000000, 1.8400000, 39.0759541, 117.0460190, -5.8800000
43.0000000, 1.9100000, 39.0759561, 117.0460143, -5.8800000
43.2000000, 1.8100000, 39.0759582, 117.0460096, -5.8800000
43.8000000, 2.0000000, 39.0759607, 117.0460040, -5.8800000
44.4000000, 2.1000000, 39.0759628, 117.0459992, -5.8900000
45.2000000, 2.1100000, 39.0759649, 117.0459943, -5.8900000
45.6000000, 2.1400000, 39.0759670, 117.0459894, -5.8900000
46.0000000, 2.1200000, 39.0759691, 117.0459846, -5.8800000
46.4000000, 2.1200000, 39.0759713, 117.0459796, -5.8900000
47.0000000, 2.1800000, 39.0759738, 117.0459738, -5.8900000
47.4000000, 2.2000000, 39.0759760, 117.0459688, -5.8800000
47.8000000, 2.2700000, 39.0759782, 117.0459638, -5.8900000
48.4000000, 2.2900000, 39.0759804, 117.0459587, -5.8900000
48.8000000, 2.3000000, 39.0759830, 117.0459528, -5.9000000
49.4000000, 2.2700000, 39.0759852, 117.0459476, -5.9000000
49.8000000, 2.2700000, 39.0759875, 117.0459424, -5.9000000
50.2000000, 2.2500000, 39.0759897, 117.0459372, -5.9100000
50.8000000, 2.2700000, 39.0759920, 117.0459319, -5.9100000
51.2000000, 2.3400000, 39.0759943, 117.0459267, -5.9200000
51.6000000, 2.3800000, 39.0759969, 117.0459205, -5.9200000
52.2000000, 2.3800000, 39.0759992, 117.0459151, -5.9200000
52.6000000, 2.4000000, 39.0760015, 117.0459097, -5.9200000
53.2000000, 2.4000000, 39.0760038, 117.0459043, -5.9200000
53.6000000, 2.4100000, 39.0760065, 117.0458980, -5.9200000
54.2000000, 2.4000000, 39.0760088, 117.0458925, -5.9200000
54.6000000, 2.4100000, 39.0760111, 117.0458871, -5.9200000
55.2000000, 2.4500000, 39.0760138, 117.0458807, -5.9200000
55.6000000, 2.4200000, 39.0760161, 117.0458752, -5.9100000
56.2000000, 2.4200000, 39.0760184, 117.0458696, -5.9100000
56.6000000, 2.4300000, 39.0760208, 117.0458641, -5.9000000
57.2000000, 2.4300000, 39.0760231, 117.0458585, -5.9000000
57.6000000, 2.4500000, 39.0760254, 117.0458530, -5.9000000
58.2000000, 2.4600000, 39.0760281, 117.0458464, -5.8900000
59.4000000, 2.4900000, 39.0760304, 117.0458408, -5.8900000
59.8000000, 2.5000000, 39.0760327, 117.0458351, -5.8900000
60.4000000, 2.5300000, 39.0760351, 117.0458295, -5.8900000
61.0000000, 2.4900000, 39.0760374, 117.0458237, -5.8900000
61.6000000, 2.5700000, 39.0760398, 117.0458180, -5.8900000
62.0000000, 2.5800000, 39.0760425, 117.0458112, -5.8900000
62.6000000, 2.5100000, 39.0760449, 117.0458054, -5.8900000
63.2000000, 2.4700000, 39.0760472, 117.0457996, -5.9000000
63.8000000, 2.4800000, 39.0760496, 117.0457937, -5.9000000
64.4000000, 2.4600000, 39.0760519, 117.0457878, -5.9000000
65.0000000, 2.4300000, 39.0760543, 117.0457819, -5.9000000
65.6000000, 2.4300000, 39.0760571, 117.0457749, -5.9000000
66.2000000, 2.4300000, 39.0760595, 117.0457690, -5.9000000
66.6000000, 2.4300000, 39.0760619, 117.0457629, -5.9000000
67.2000000, 2.4100000, 39.0760643, 117.0457569, -5.9000000
67.8000000, 2.4500000, 39.0760667, 117.0457508, -5.9000000
68.4000000, 2.4400000, 39.0760691, 117.0457447, -5.9000000
69.0000000, 2.4200000, 39.0760719, 117.0457376, -5.9000000
69.6000000, 2.4200000, 39.0760743, 117.0457314, -5.9000000
70.0000000, 2.3900000, 39.0760768, 117.0457252, -5.9000000
70.8000000, 2.3700000, 39.0760792, 117.0457190, -5.9000000
71.4000000, 2.3200000, 39.0760817, 117.0457127, -5.9000000
72.0000000, 2.3100000, 39.0760846, 117.0457054, -5.9000000
72.4000000, 2.3000000, 39.0760871, 117.0456991, -5.9000000
73.0000000, 2.2900000, 39.0760896, 117.0456928, -5.9000000
73.8000000, 2.2700000, 39.0760921, 117.0456865, -5.9000000
74.4000000, 2.2500000, 39.0760946, 117.0456802, -5.9000000
75.0000000, 2.2200000, 39.0760975, 117.0456727, -5.9000000
75.6000000, 2.2000000, 39.0761001, 117.0456663, -5.9000000
76.2000000, 2.1800000, 39.0761026, 117.0456599, -5.9000000
76.8000000, 2.1800000, 39.0761052, 117.0456535, -5.9000000
77.4000000, 2.2000000, 39.0761082, 117.0456459, -5.9000000
78.0000000, 2.2000000, 39.0761107, 117.0456394, -5.9000000
79.4000000, 2.1600000, 39.0761133, 117.0456329, -5.8900000
80.0000000, 2.1400000, 39.0761159, 117.0456264, -5.8900000
80.6000000, 2.1200000, 39.0761185, 117.0456199, -5.8900000
21.6000000, 10.6800000, 39.0758783, 117.0462774, -5.9900000
21.8000000, 10.8200000, 39.0758789, 117.0462761, -5.9900000
21.8000000, 11.1000000, 39.0758794, 117.0462749, -5.9900000
22.0000000, 10.8000000, 39.0758799, 117.0462737, -5.9900000
22.0000000, 10.7600000, 39.0758804, 117.0462725, -5.9900000
22.2000000, 10.7100000, 39.0758809, 117.0462713, -5.9900000
22.4000000, 10.7500000, 39.0758815, 117.0462699, -5.9900000
22.4000000, 10.5600000, 39.0758820, 117.0462686, -5.9900000
22.4000000, 10.5700000, 39.0758826, 117.0462673, -5.9900000
22.6000000, 10.4600000, 39.0758831, 117.0462660, -5.9900000
22.8000000, 10.1900000, 39.0758837, 117.0462646, -5.9900000
23.0000000, 10.1200000, 39.0758842, 117.0462632, -5.9900000
23.0000000, 9.8800000, 39.0758848, 117.0462614, -5.9900000
23.2000000, 9.9600000, 39.0758853, 117.0462598, -5.9900000
23.2000000, 9.9000000, 39.0758859, 117.0462583, -5.9900000
23.4000000, 9.6700000, 39.0758866, 117.0462568, -5.9900000
23.4000000, 9.7300000, 39.0758873, 117.0462550, -5.9900000
23.4000000, 9.8600000, 39.0758880, 117.0462534, -5.9900000
23.6000000, 9.9200000, 39.0758886, 117.0462518, -5.9800000
23.8000000, 10.0000000, 39.0758893, 117.0462502, -5.9800000
23.8000000, 9.4200000, 39.0758900, 117.0462485, -5.9800000
24.0000000, 9.4500000, 39.0758907, 117.0462468, -5.9800000
24.2000000, 9.5600000, 39.0758915, 117.0462447, -5.9800000
24.4000000, 9.5600000, 39.0758923, 117.0462430, -5.9800000
24.4000000, 9.4900000, 39.0758930, 117.0462412, -5.9800000
24.6000000, 9.5700000, 39.0758937, 117.0462394, -5.9800000
24.8000000, 9.5100000, 39.0758946, 117.0462372, -5.9800000
25.0000000, 9.4900000, 39.0758954, 117.0462353, -5.9800000
25.0000000, 9.3900000, 39.0758960, 117.0462336, -5.9800000
25.2000000, 9.1300000, 39.0758967, 117.0462317, -5.9800000
25.6000000, 9.2100000, 39.0758977, 117.0462294, -5.9800000
25.8000000, 9.1800000, 39.0758985, 117.0462274, -5.9800000
26.0000000, 9.1400000, 39.0758993, 117.0462254, -5.9800000
26.0000000, 9.2700000, 39.0759002, 117.0462233, -5.9800000
26.2000000, 9.1200000, 39.0759011, 117.0462209, -5.9800000
26.4000000, 9.1100000, 39.0759020, 117.0462187, -5.9800000
26.4000000, 9.0800000, 39.0759029, 117.0462166, -5.9800000
26.6000000, 9.0800000, 39.0759038, 117.0462144, -5.9900000
27.0000000, 8.9500000, 39.0759047, 117.0462122, -5.9800000
27.0000000, 8.8300000, 39.0759056, 117.0462100, -5.9800000
27.4000000, 8.7500000, 39.0759065, 117.0462077, -5.9800000
27.6000000, 8.7400000, 39.0759076, 117.0462051, -5.9800000
27.8000000, 8.7200000, 39.0759085, 117.0462028, -5.9800000
28.0000000, 8.8900000, 39.0759095, 117.0462005, -5.9800000
28.0000000, 8.8900000, 39.0759103, 117.0461983, -5.9800000
28.2000000, 8.7900000, 39.0759114, 117.0461957, -5.9800000
28.4000000, 8.7000000, 39.0759123, 117.0461934, -5.9800000
28.6000000, 8.6000000, 39.0759133, 117.0461910, -5.9800000
28.8000000, 8.5500000, 39.0759143, 117.0461885, -5.9800000
29.0000000, 8.5200000, 39.0759153, 117.0461861, -5.9800000
29.2000000, 8.5700000, 39.0759165, 117.0461832, -5.9800000
29.6000000, 8.5100000, 39.0759176, 117.0461807, -5.9800000
29.8000000, 8.4000000, 39.0759186, 117.0461781, -5.9800000
30.0000000, 8.3700000, 39.0759197, 117.0461755, -5.9800000
30.2000000, 8.2900000, 39.0759208, 117.0461730, -5.9800000
30.4000000, 8.1600000, 39.0759218, 117.0461703, -5.9800000
30.6000000, 8.0100000, 39.0759231, 117.0461673, -5.9700000
30.8000000, 8.0000000, 39.0759242, 117.0461646, -5.9700000
31.0000000, 7.9500000, 39.0759253, 117.0461619, -5.9700000
31.4000000, 7.9300000, 39.0759265, 117.0461592, -5.9700000
31.6000000, 7.7100000, 39.0759276, 117.0461566, -5.9700000
31.8000000, 7.6700000, 39.0759290, 117.0461530, -5.9600000
32.4000000, 7.5000000, 39.0759300, 117.0461506, -5.9600000
32.6000000, 7.4100000, 39.0759314, 117.0461473, -5.9700000
32.8000000, 7.4400000, 39.0759326, 117.0461445, -5.9700000
33.2000000, 7.4300000, 39.0759338, 117.0461416, -5.9700000
33.4000000, 7.3500000, 39.0759350, 117.0461387, -5.9700000
33.8000000, 7.4000000, 39.0759362, 117.0461358, -5.9700000
34.2000000, 7.4000000, 39.0759374, 117.0461328, -5.9700000
34.4000000, 7.3500000, 39.0759389, 117.0461293, -5.9800000
34.8000000, 7.3400000, 39.0759402, 117.0461263, -5.9800000
35.0000000, 7.3100000, 39.0759415, 117.0461233, -5.9800000
35.2000000, 7.2400000, 39.0759427, 117.0461202, -5.9800000
35.6000000, 7.2000000, 39.0759440, 117.0461171, -5.9800000
35.8000000, 7.1700000, 39.0759453, 117.0461140, -5.9800000
36.0000000, 7.0300000, 39.0759469, 117.0461103, -5.9800000
36.2000000, 6.7600000, 39.0759482, 117.0461071, -5.9900000
36.6000000, 6.8000000, 39.0759495, 117.0461040, -5.9900000
37.0000000, 6.6900000, 39.0759511, 117.0461002, -5.9900000
37.2000000, 6.6500000, 39.0759525, 117.0460970, -5.9900000
37.6000000, 6.6600000, 39.0759541, 117.0460932, -5.9900000
37.8000000, 6.6300000, 39.0759555, 117.0460899, -5.9900000
38.2000000, 6.6300000, 39.0759569, 117.0460866, -5.9900000
38.6000000, 6.5500000, 39.0759583, 117.0460833, -5.9900000
39.0000000, 6.5300000, 39.0759597, 117.0460799, -5.9900000
39.4000000, 6.5100000, 39.0759612, 117.0460766, -5.9900000
40.0000000, 6.5000000, 39.0759629, 117.0460726, -5.9900000
40.2000000, 6.4700000, 39.0759643, 117.0460692, -6.0000000
40.4000000, 6.6800000, 39.0759658, 117.0460657, -5.9900000
40.8000000, 6.6300000, 39.0759673, 117.0460623, -5.9900000
41.2000000, 6.2400000, 39.0759688, 117.0460588, -5.9900000
41.4000000, 6.2600000, 39.0759703, 117.0460553, -5.9900000
41.8000000, 6.1600000, 39.0759720, 117.0460512, -5.9900000
42.2000000, 6.1300000, 39.0759735, 117.0460477, -6.0000000
42.4000000, 6.1100000, 39.0759751, 117.0460441, -6.0100000
42.8000000, 6.1100000, 39.0759769, 117.0460399, -6.0100000
43.2000000, 6.1300000, 39.0759784, 117.0460363, -6.0000000
43.6000000, 6.1300000, 39.0759799, 117.0460327, -6.0000000
44.0000000, 6.1200000, 39.0759815, 117.0460291, -5.9900000
44.4000000, 6.1200000, 39.0759833, 117.0460249, -5.9900000
44.8000000, 6.1400000, 39.0759849, 117.0460213, -6.0000000
45.2000000, 6.2000000, 39.0759865, 117.0460176, -6.0000000
45.6000000, 6.2000000, 39.0759881, 117.0460139, -6.0000000
46.0000000, 6.1900000, 39.0759897, 117.0460103, -5.9900000
46.4000000, 6.1700000, 39.0759913, 117.0460065, -5.9900000
46.6000000, 6.1600000, 39.0759929, 117.0460028, -5.9900000
47.0000000, 6.1600000, 39.0759948, 117.0459984, -5.9900000
47.4000000, 6.1300000, 39.0759965, 117.0459946, -5.9900000
47.8000000, 6.1100000, 39.0759981, 117.0459907, -5.9900000
48.2000000, 6.0900000, 39.0759998, 117.0459868, -5.9900000
48.6000000, 6.0600000, 39.0760015, 117.0459829, -5.9900000
49.0000000, 6.0600000, 39.0760032, 117.0459790, -6.0000000
49.4000000, 6.0500000, 39.0760052, 117.0459744, -6.0000000
49.8000000, 6.0100000, 39.0760069, 117.0459705, -6.0100000
50.2000000, 5.9700000, 39.0760087, 117.0459665, -6.0100000
50.6000000, 5.9400000, 39.0760104, 117.0459624, -6.0100000
51.0000000, 5.9200000, 39.0760122, 117.0459584, -6.0100000
51.4000000, 5.8600000, 39.0760140, 117.0459543, -6.0200000
52.2000000, 5.8600000, 39.0760161, 117.0459495, -6.0200000
52.6000000, 5.9600000, 39.0760179, 117.0459453, -6.0200000
53.0000000, 5.9300000, 39.0760198, 117.0459411, -6.0300000
53.4000000, 5.9900000, 39.0760216, 117.0459370, -6.0200000
53.8000000, 6.0000000, 39.0760234, 117.0459327, -6.0200000
54.2000000, 5.9600000, 39.0760253, 117.0459285, -6.0200000
54.6000000, 5.9100000, 39.0760275, 117.0459235, -6.0200000
55.0000000, 5.8700000, 39.0760294, 117.0459191, -6.0200000
55.4000000, 5.8800000, 39.0760313, 117.0459148, -6.0200000
55.8000000, 5.7900000, 39.0760332, 117.0459104, -6.0100000
56.2000000, 5.7400000, 39.0760352, 117.0459060, -6.0100000
56.6000000, 5.7100000, 39.0760375, 117.0459009, -6.0100000
57.0000000, 5.6700000, 39.0760394, 117.0458965, -6.0100000
57.6000000, 5.6600000, 39.0760414, 117.0458920, -6.0100000
58.0000000, 5.6400000, 39.0760433, 117.0458876, -6.0000000
58.4000000, 5.6200000, 39.0760453, 117.0458831, -6.0000000
58.8000000, 5.5800000, 39.0760473, 117.0458786, -6.0000000
59.4000000, 5.5700000, 39.0760497, 117.0458733, -6.0000000
59.8000000, 5.5600000, 39.0760517, 117.0458687, -6.0000000
60.2000000, 5.5200000, 39.0760537, 117.0458641, -6.0000000
60.6000000, 5.5000000, 39.0760557, 117.0458595, -6.0000000
61.2000000, 5.4900000, 39.0760578, 117.0458549, -6.0000000
61.6000000, 5.4600000, 39.0760598, 117.0458502, -6.0000000
62.0000000, 5.4100000, 39.0760622, 117.0458447, -6.0000000
62.4000000, 5.4100000, 39.0760643, 117.0458400, -6.0000000
62.8000000, 5.3800000, 39.0760664, 117.0458353, -6.0000000
63.2000000, 5.3300000, 39.0760684, 117.0458305, -6.0000000
63.8000000, 5.3100000, 39.0760705, 117.0458257, -6.0000000
64.2000000, 5.3200000, 39.0760726, 117.0458209, -6.0000000
64.8000000, 5.3800000, 39.0760751, 117.0458153, -6.0000000
65.2000000, 5.4000000, 39.0760772, 117.0458104, -6.0000000
65.6000000, 5.4300000, 39.0760793, 117.0458055, -6.0000000
66.2000000, 5.4000000, 39.0760814, 117.0458006, -6.0000000
66.6000000, 5.3900000, 39.0760835, 117.0457956, -6.0000000
67.2000000, 5.3600000, 39.0760857, 117.0457907, -6.0100000
68.0000000, 5.2800000, 39.0760882, 117.0457848, -6.0100000
68.6000000, 5.2700000, 39.0760903, 117.0457798, -6.0100000
69.0000000, 5.2400000, 39.0760925, 117.0457747, -6.0100000
69.4000000, 5.2500000, 39.0760946, 117.0457697, -6.0100000
70.0000000, 5.2000000, 39.0760968, 117.0457646, -6.0100000
70.4000000, 5.2100000, 39.0760994, 117.0457586, -6.0100000
71.0000000, 5.1800000, 39.0761015, 117.0457535, -6.0100000
71.4000000, 5.1400000, 39.0761037, 117.0457483, -6.0100000
72.0000000, 5.1200000, 39.0761059, 117.0457431, -6.0100000
72.4000000, 5.1100000, 39.0761081, 117.0457379, -6.0100000
73.0000000, 5.1100000, 39.0761106, 117.0457318, -6.0100000
73.6000000, 5.1400000, 39.0761128, 117.0457266, -6.0100000
74.0000000, 5.1100000, 39.0761150, 117.0457213, -6.0100000
74.6000000, 5.1000000, 39.0761172, 117.0457160, -6.0100000
75.0000000, 5.0900000, 39.0761194, 117.0457108, -6.0100000
75.6000000, 5.0700000, 39.0761216, 117.0457054, -6.0100000
76.0000000, 5.0600000, 39.0761242, 117.0456992, -6.0000000
76.6000000, 5.0600000, 39.0761264, 117.0456938, -6.0000000
77.0000000, 5.0500000, 39.0761286, 117.0456884, -6.0000000
77.6000000, 5.0300000, 39.0761308, 117.0456830, -6.0000000
78.0000000, 5.0000000, 39.0761331, 117.0456776, -6.0100000
78.6000000, 4.9800000, 39.0761354, 117.0456721, -6.0100000
