93.4000000, 95.2111382
93.0000000, 94.8738718
92.8000000, 94.5457402
92.4000000, 94.1663260
92.0000000, 93.8571774
91.6000000, 93.5431155
91.4000000, 93.2339750
91.0000000, 92.9297520
90.6000000, 92.5735502
90.4000000, 92.2644207
90.0000000, 91.9644367
89.6000000, 91.6693665
89.4000000, 91.3883503
89.0000000, 91.0511347
88.6000000, 90.7652222
88.2000000, 90.4842172
88.0000000, 90.2081156
87.6000000, 89.9362663
87.2000000, 89.6693205
86.8000000, 89.3553328
86.4000000, 89.0932889
86.2000000, 88.8355081
86.0000000, 88.5685755
85.6000000, 88.3156948
85.4000000, 88.0719766
84.8000000, 87.7769571
84.6000000, 87.5240862
84.4000000, 87.2803818
84.2000000, 87.0415657
83.8000000, 86.8027521
83.4000000, 86.5639412
83.2000000, 86.2921591
83.0000000, 86.0533550
82.8000000, 85.8286005
82.6000000, 85.6038484
82.4000000, 85.3790988
82.2000000, 85.1635260
82.0000000, 84.9106892
81.8000000, 84.6908178
81.6000000, 84.4801242
81.4000000, 84.2786115
81.2000000, 84.0679233
81.0000000, 83.8572374
80.8000000, 83.6325082
80.6000000, 83.4310100
80.4000000, 83.2343772
80.0000000, 83.0426061
79.8000000, 82.8551623
79.6000000, 82.6633930
79.4000000, 82.4527223
79.4000000, 82.2793319
79.0000000, 82.0967553
78.8000000, 81.9282246
78.6000000, 81.7596954
78.4000000, 81.5911678
78.4000000, 81.3994046
78.2000000, 81.2400737
78.2000000, 81.0855944
78.0000000, 80.9403128
77.8000000, 80.7906832
77.6000000, 80.6221647
77.4000000, 80.4817338
77.2000000, 80.3505036
77.2000000, 80.2149184
77.0000000, 80.0836917
76.8000000, 79.9340644
76.6000000, 79.8076817
76.6000000, 79.6905028
76.4000000, 79.5641224
76.4000000, 79.4425810
76.2000000, 79.3254068
76.0000000, 79.1849875
75.8000000, 79.0586111
75.8000000, 78.9462774
75.6000000, 78.8199029
75.6000000, 78.6794879
75.4000000, 78.5623250
75.4000000, 78.4407852
75.4000000, 78.3003734
75.4000000, 78.1832155
75.2000000, 78.0708885
75.0000000, 77.9493494
75.0000000, 77.8321963
75.0000000, 77.7058313
75.0000000, 77.5935077
74.8000000, 77.4811850
74.8000000, 77.3829032
74.8000000, 77.2705820
74.6000000, 77.1723016
74.6000000, 77.0459420
74.6000000, 76.9428424
74.4000000, 76.8445648
74.4000000, 76.7462877
74.2000000, 76.6480113
74.2000000, 76.5545534
74.0000000, 76.4514604
73.8000000, 76.3580026
73.8000000, 76.2689512
73.6000000, 76.1847170
73.6000000, 76.0912591
73.4000000, 76.0070254
73.4000000, 75.9087533
73.2000000, 75.8245206
73.2000000, 75.7495145
73.2000000, 75.6652833
73.0000000, 75.5858639
73.0000000, 75.5108607
72.8000000, 75.4266308
72.6000000, 75.3564397
72.6000000, 75.2862489
72.6000000, 75.2160584
72.4000000, 75.1599063
72.2000000, 75.1037545
72.2000000, 75.0335649
72.0000000, 74.9774135
71.8000000, 74.9212624
71.8000000, 74.8791492
71.6000000, 74.8370361
71.6000000, 74.7808855
71.6000000, 74.7435782
71.4000000, 74.7106976
71.4000000, 74.6685850
71.4000000, 74.6357060
71.2000000, 74.6076312
71.2000000, 74.5795566
71.2000000, 74.5514820
71.2000000, 74.5282107
71.2000000, 74.5093701
71.2000000, 74.4953329
71.2000000, 74.4812957
71.2000000, 74.4720613
71.2000000, 74.4672585
71.2000000, 74.4580240
71.2000000, 74.4532213
71.2000000, 74.4532213
71.0000000, 74.4532213
71.0000000, 74.4532213
71.0000000, 74.4532213
71.0000000, 74.4532213
71.0000000, 74.4532213
70.8000000, 74.4532213
70.8000000, 74.4532213
70.6000000, 74.4532213
70.6000000, 74.4532213
70.6000000, 74.4439868
70.6000000, 74.4439868
70.6000000, 74.4439868
70.4000000, 74.4439868
70.4000000, 74.4439868
70.2000000, 74.4439868
70.2000000, 74.4439868
70.2000000, 74.4439868
70.0000000, 74.4439868
70.0000000, 74.4439868
30.4000000, 31.5572056
30.6000000, 31.8721914
30.8000000, 32.1956441
30.8000000, 32.5668874
30.8000000, 32.8988212
31.2000000, 33.2363550
31.4000000, 33.5794807
32.0000000, 33.9281939
32.4000000, 34.2798005
32.6000000, 34.7017358
33.0000000, 35.0533546
33.4000000, 35.4331087
33.6000000, 35.7988035
33.8000000, 36.1785691
34.2000000, 36.5583403
34.4000000, 37.0084465
35.0000000, 37.4022955
35.2000000, 37.8102162
35.8000000, 38.2125859
36.2000000, 38.6205202
36.4000000, 39.0284597
36.8000000, 39.4504715
37.2000000, 39.9343044
37.6000000, 40.3703924
38.0000000, 40.7979609
38.6000000, 41.2340567
39.0000000, 41.7490269
39.4000000, 42.1851358
39.8000000, 42.6267828
40.2000000, 43.0714359
40.6000000, 43.5216269
41.0000000, 43.9662967
41.4000000, 44.4923667
41.8000000, 44.9425716
42.8000000, 45.4013302
43.2000000, 45.8600980
43.6000000, 46.3158334
44.0000000, 46.8590304
44.4000000, 47.3233289
44.8000000, 47.8720501
45.2000000, 48.3504264
45.6000000, 48.8147363
46.0000000, 49.3775407
46.4000000, 49.8559281
47.0000000, 50.3428910
47.4000000, 50.9057099
48.0000000, 51.3926861
48.4000000, 51.8937405
48.8000000, 52.3862201
49.2000000, 52.8872865
49.8000000, 53.4727867
50.2000000, 53.9793498
50.8000000, 54.4859156
51.2000000, 55.0010763
51.8000000, 55.5076490
52.2000000, 56.0228204
52.6000000, 56.6279013
53.6000000, 57.1571552
54.2000000, 57.6778128
54.8000000, 58.2070767
55.4000000, 58.7363464
55.8000000, 59.2742311
56.4000000, 59.8934086
56.8000000, 60.4367680
57.4000000, 60.9801327
58.0000000, 61.6079379
58.4000000, 62.1513135
59.0000000, 62.7087668
59.6000000, 63.2521524
60.0000000, 63.8096155
60.6000000, 64.3670833
61.2000000, 65.0176233
61.8000000, 65.5751026
62.4000000, 66.1412202
63.0000000, 66.7041472
63.4000000, 67.3547164
64.0000000, 67.9262880
64.6000000, 68.4924317
65.2000000, 69.0640127
65.6000000, 69.6269525
66.2000000, 70.2017597
66.8000000, 70.7733533
67.4000000, 71.4434663
68.0000000, 72.0150673
68.6000000, 72.5953256
69.2000000, 73.1669344
69.8000000, 73.7472042
70.4000000, 74.3274804
71.0000000, 75.0062813
71.6000000, 75.5865706
72.8000000, 76.1722742
73.4000000, 76.7525736
74.0000000, 77.3382840
74.6000000, 77.9185931
75.2000000, 78.5129822
75.8000000, 79.1972230
76.4000000, 79.7916216
77.0000000, 80.3860255
77.6000000, 80.9804346
78.2000000, 81.5748489
78.8000000, 82.2677900
79.4000000, 82.8676048
80.0000000, 83.4761070
80.6000000, 84.0705393
81.2000000, 84.7775736
81.8000000, 85.3860900
82.4000000, 85.9859192
83.2000000, 86.5944428
83.6000000, 87.2029708
84.2000000, 87.9100267
85.0000000, 88.5185632
85.6000000, 89.1324801
86.2000000, 89.7410231
86.8000000, 90.4534683
87.4000000, 91.0707203
